                       ###########################################################
                       #                  ADPRES v.0.1.ALPHA                     #
                       #        ABU DHABI POLYTECHNIC REACTOR SIMULATOR          #
                       ###########################################################  


  ========================================INPUT DATA STARTS HERE=====================================
     1: ! Fixed-Source Problem Test                                                                         
     2: !                                                                                                   
     3: %MODE                                                                                               
     4: FIXEDSRC                                                                                            
     5: %XSEC                                                                                               
     6: 4  2    ! Number of groups and number of materials                                                  
     7: !MATERIAL 1 (FUEL)                                                                                  
     8:  0.134 0.001 0.002 0.001 0.745 0.000 0.072 0.000 0.000                                              
     9:  0.328 0.001 0.001 0.000 0.255 0.000 0.000 0.087 0.000                                              
    10:  0.416 0.015 0.013 0.005 0.000 0.000 0.000 0.000 0.080                                              
    11:  1.199 0.102 0.180 0.074 0.000 0.000 0.000 0.000 0.000                                              
    12:  0.143 0.001 0.000 0.000 0.000 0.000 0.105 0.001 0.000                                              
    13:  0.423 0.000 0.000 0.000 0.000 0.000 0.000 0.146 0.000                                              
    14:  0.592 0.001 0.000 0.000 0.000 0.000 0.000 0.000 0.146                                              
    15:  2.177 0.019 0.000 0.000 0.000 0.000 0.000 0.000 0.000                                              
    16: %GEOM                                                                                               
    17: 10 10 2   !nx, ny, nz                                                                               
    18: 10*10.0   !x-direction assembly size in cm                                                          
    19: 10*1      !x-direction nodal divided into 10 cm each                                                
    20: 10*10.0   !y-direction assembly size in cm                                                          
    21: 10*1      !y-direction nodal divided into 10 cm each                                                
    22: 2*5.0    !z-direction assembly size in cm                                                           
    23: 2*1       !z-direction nodal divided into 5 cm each                                                 
    24: 1         !np number of planar type                                                                 
    25: 1 1       !planar assignment (from bottom to top)                                                   
    26: ! Planar_type_1                                                                                     
    27:   2  2  2  2  2  2  2  2  2  2                                                                      
    28:   2  2  2  2  2  2  2  2  2  2                                                                      
    29:   2  2  2  2  2  2  2  2  2  2                                                                      
    30:   2  2  2  2  2  2  2  2  2  2                                                                      
    31:   2  2  2  2  1  1  2  2  2  2                                                                      
    32:   2  2  2  2  1  1  2  2  2  2                                                                      
    33:   2  2  2  2  2  2  2  2  2  2                                                                      
    34:   2  2  2  2  2  2  2  2  2  2                                                                      
    35:   2  2  2  2  2  2  2  2  2  2                                                                      
    36:   2  2  2  2  2  2  2  2  2  2                                                                      
    37: ! Boundary conditions x=1 (west), x=max (east), y=1 (north), y=max (south), z=1 (bottom), z=max (top
    38: 0 0 0 0 1 1                                                                                         
    39: %ESRC                                                                                               
    40: 1         ! Number of source                                                                        
    41: 4.0       ! Source Density (n/cm3.s)                                                                
    42: 0.25  0.25  0.25  0.25      ! Source energy spectrum                                                
    43: 1         ! z-position of the source                                                                
    44: 5  5      ! x-y position of the source                                                              
    45: 5  6                                                                                                
    46: 6  5                                                                                                
    47: 6  6                                                                                                
    48: 0  0      ! x-y position ends                                                                       
    49: 2         ! z-position of the source                                                                
    50: 5  5      ! x-y position                                                                            
    51: 5  6                                                                                                
    52: 6  5                                                                                                
    53: 6  6                                                                                                
    54: 0  0      ! x-y position ends                                                                       
    55: 0         !  z-position ends                                                                        
  ========================================INPUT DATA   ENDS HERE=====================================



                                             START READING INPUT
  ***************************************************************************************************
  CALCULATION MODE :       FIXED SOURCE CALCULATION



            >>>> READING MACROSCOPIC CROSS SECTIONS <<<<
            --------------------------------------------

     MATERIAL  1
    GROUP   TRANSPORT    DIFFUSION  ABSORPTION    REMOVAL      NU*FISS      FISSION    FISS. SPCTR
       1     0.134000    2.487562    0.001000    0.073000     0.002000     0.001000     0.745000
       2     0.328000    1.016260    0.001000    0.088000     0.001000     0.000000     0.255000
       3     0.416000    0.801282    0.015000    0.095000     0.013000     0.005000     0.000000
       4     1.199000    0.278009    0.102000    0.102000     0.180000     0.074000     0.000000
   --SCATTERING MATRIX--
     G/G'          1          2          3          4
      1        0.000000    0.072000    0.000000    0.000000
      2        0.000000    0.000000    0.087000    0.000000
      3        0.000000    0.000000    0.000000    0.080000
      4        0.000000    0.000000    0.000000    0.000000

     MATERIAL  2
    GROUP   TRANSPORT    DIFFUSION  ABSORPTION    REMOVAL      NU*FISS      FISSION    FISS. SPCTR
       1     0.143000    2.331002    0.001000    0.107000     0.000000     0.000000     0.000000
       2     0.423000    0.788022    0.000000    0.146000     0.000000     0.000000     0.000000
       3     0.592000    0.563063    0.001000    0.147000     0.000000     0.000000     0.000000
       4     2.177000    0.153116    0.019000    0.019000     0.000000     0.000000     0.000000
   --SCATTERING MATRIX--
     G/G'          1          2          3          4
      1        0.000000    0.105000    0.001000    0.000000
      2        0.000000    0.000000    0.146000    0.000000
      3        0.000000    0.000000    0.000000    0.146000
      4        0.000000    0.000000    0.000000    0.000000

  ...Macroscopic CXs are sucessfully read...


            >>>>>READING CORE GEOMETRY<<<<<
            -------------------------------
  Number of assembly in x, y and z directions respectively :
          10          10           2
  Number of nodes in x, y and z directions respectively :
          10          10           2

  x-directed nodes divison (delta-x)
    10.00  10.00  10.00  10.00  10.00  10.00  10.00  10.00  10.00  10.00
  y-directed nodes divison (delta-y)
    10.00  10.00  10.00  10.00  10.00  10.00  10.00  10.00  10.00  10.00

  Planar Region :  1
       1  2  3  4  5  6  7  8  9 10
     1 2  2  2  2  2  2  2  2  2  2 
     2 2  2  2  2  2  2  2  2  2  2 
     3 2  2  2  2  2  2  2  2  2  2 
     4 2  2  2  2  2  2  2  2  2  2 
     5 2  2  2  2  1  1  2  2  2  2 
     6 2  2  2  2  1  1  2  2  2  2 
     7 2  2  2  2  2  2  2  2  2  2 
     8 2  2  2  2  2  2  2  2  2  2 
     9 2  2  2  2  2  2  2  2  2  2 
    10 2  2  2  2  2  2  2  2  2  2 

  Planar Region Assignment to planes.
 --------------------------------------
   Plane Number     Planar Region    delta-z
        1 (BOTTOM)         1           5.00
        2 (TOP)            1           5.00

   Boundary conditions
  X-directed West   (X-): VACUUM
  X-directed East   (X+): VACUUM
  Y-directed North  (Y-): VACUUM
  Y-directed South  (Y+): VACUUM
  Z-directed Bottom (Z-): REFLECTIVE
  Z-directed Top    (Z+): REFLECTIVE

  ...Core geometry is sucessfully read...


            >>>>>READING EXTRA SOURCE<<<<<
            -------------------------------
     SOURCE   1
 -----------------
  Source Density  :  4.000E+00  n/(m^3*s)
  Source Spectrum :  0.25  0.25  0.25  0.25
  Source Position 
   Plane number :   1
         1  2  3  4  5  6  7  8  9 10
      1  0  0  0  0  0  0  0  0  0  0
      2  0  0  0  0  0  0  0  0  0  0
      3  0  0  0  0  0  0  0  0  0  0
      4  0  0  0  0  0  0  0  0  0  0
      5  0  0  0  0  X  X  0  0  0  0
      6  0  0  0  0  X  X  0  0  0  0
      7  0  0  0  0  0  0  0  0  0  0
      8  0  0  0  0  0  0  0  0  0  0
      9  0  0  0  0  0  0  0  0  0  0
     10  0  0  0  0  0  0  0  0  0  0

   Plane number :   2
         1  2  3  4  5  6  7  8  9 10
      1  0  0  0  0  0  0  0  0  0  0
      2  0  0  0  0  0  0  0  0  0  0
      3  0  0  0  0  0  0  0  0  0  0
      4  0  0  0  0  0  0  0  0  0  0
      5  0  0  0  0  X  X  0  0  0  0
      6  0  0  0  0  X  X  0  0  0  0
      7  0  0  0  0  0  0  0  0  0  0
      8  0  0  0  0  0  0  0  0  0  0
      9  0  0  0  0  0  0  0  0  0  0
     10  0  0  0  0  0  0  0  0  0  0



  **********************************  STOP READING INPUT  *******************************************


  ================================================================================================
                                        CALCULATION RESULTS
  ================================================================================================

   Itr   Fis.Src Error   Inner Error
  ----------------------------------------------------
    1    9.33012E-01    9.33800E-01
    2    3.69007E-01    4.52851E-01
    3    2.59016E-01    3.72665E-01
    4    1.97763E-01    3.36471E-01
    5    1.58531E-01    3.12723E-01
    6    1.31377E-01    2.96655E-01
    7    1.11557E-01    2.85098E-01
    8    9.64824E-02    2.76226E-01
    9    8.46430E-02    2.68978E-01
   10    7.51035E-02    2.62946E-01
   11    6.72567E-02    2.57601E-01
   12    6.06907E-02    2.52579E-01
   13    5.51174E-02    2.47752E-01
   14    5.03288E-02    2.43009E-01
   15    4.61715E-02    2.38251E-01
   16    4.25298E-02    2.33371E-01
   17    3.93142E-02    2.28262E-01
   18    3.64558E-02    2.22803E-01
   19    3.38988E-02    2.16983E-01
   20    3.15999E-02    2.10723E-01
   21    2.95221E-02    2.03769E-01
   22    2.76362E-02    1.95997E-01
   23    2.59184E-02    1.87298E-01
   24    2.43472E-02    1.77599E-01
   25    2.29063E-02    1.66874E-01
   26    2.15800E-02    1.55156E-01
   27    2.03567E-02    1.42560E-01
   28    1.92254E-02    1.29267E-01
   29    1.81766E-02    1.15536E-01
   30    1.72021E-02    1.01674E-01
   31    1.62953E-02    8.80113E-02
   32    1.54497E-02    7.48638E-02
   33    1.46596E-02    6.25083E-02
   34    1.39209E-02    5.11622E-02
   35    1.32284E-02    4.09606E-02
   36    1.25786E-02    3.19678E-02
   37    1.19684E-02    2.41843E-02
   38    1.13945E-02    2.06999E-02
   39    1.08538E-02    1.99119E-02
   40    1.03443E-02    1.91186E-02
   41    9.86352E-03    1.83302E-02
   42    9.40932E-03    1.75550E-02
   43    8.98006E-03    1.67977E-02
   44    8.57376E-03    1.60632E-02
   45    8.18924E-03    1.53522E-02
   46    7.82456E-03    1.46686E-02
   47    7.47896E-03    1.40115E-02
   48    7.15080E-03    1.33819E-02
   49    6.83947E-03    1.27802E-02
   50    6.54341E-03    1.22056E-02
   51    6.26192E-03    1.16568E-02
   52    5.99448E-03    1.11343E-02
   53    5.73930E-03    1.06356E-02
   54    5.49706E-03    1.01616E-02
   55    5.26574E-03    9.77310E-03
   56    5.04560E-03    9.44551E-03
   57    4.83542E-03    9.11550E-03
   58    4.63509E-03    8.78559E-03
   59    4.44396E-03    8.46027E-03
   60    4.26129E-03    8.13932E-03
   61    4.08705E-03    7.82567E-03
   62    3.92055E-03    7.52040E-03
   63    3.76131E-03    7.22376E-03
   64    3.60907E-03    6.93696E-03
   65    3.46367E-03    6.65949E-03
   66    3.32449E-03    6.39200E-03
   67    3.19139E-03    6.13411E-03
   68    3.06397E-03    5.88613E-03
   69    2.94212E-03    5.64839E-03
   70    2.82508E-03    5.41859E-03
   71    2.71342E-03    5.19967E-03
   72    2.60629E-03    4.98883E-03
   73    2.50362E-03    4.78718E-03
   74    2.40524E-03    4.59355E-03
   75    2.31100E-03    4.40830E-03
   76    2.22046E-03    4.23027E-03
   77    2.13384E-03    4.06028E-03
   78    2.05082E-03    3.89728E-03
   79    1.97116E-03    3.74111E-03
   80    1.89454E-03    3.59101E-03
   81    1.82120E-03    3.44820E-03
   82    1.75083E-03    3.31053E-03
   83    1.68338E-03    3.17910E-03
   84    1.61819E-03    3.05313E-03
   85    1.55615E-03    2.93187E-03
   86    1.49631E-03    2.81643E-03
   87    1.43892E-03    2.70531E-03
   88    1.38397E-03    2.59873E-03
   89    1.33087E-03    2.49677E-03
   90    1.28007E-03    2.39910E-03
   91    1.23119E-03    2.30499E-03
   92    1.18421E-03    2.21551E-03
   93    1.13912E-03    2.12901E-03
   94    1.09589E-03    2.04610E-03
   95    1.05426E-03    1.96673E-03
   96    1.01419E-03    1.89086E-03
   97    9.75784E-04    1.81761E-03
   98    9.38749E-04    1.74742E-03
   99    9.03438E-04    1.67979E-03
  100    8.68941E-04    1.61524E-03
  101    8.36331E-04    1.55345E-03
  102    8.04701E-04    1.49323E-03
  103    7.74404E-04    1.43646E-03
  104    7.45074E-04    1.38112E-03
  105    7.16974E-04    1.32845E-03
  106    6.90368E-04    1.27753E-03
  107    6.64175E-04    1.22907E-03
  108    6.39197E-04    1.18242E-03
  109    6.15161E-04    1.13720E-03
  110    5.92152E-04    1.09403E-03
  111    5.69899E-04    1.05235E-03
  112    5.48487E-04    1.01242E-03
  113    5.27825E-04    9.74331E-04
  114    5.08265E-04    9.37071E-04
  115    4.89092E-04    9.01801E-04
  116    4.70928E-04    8.67792E-04
  117    4.53056E-04    8.34951E-04
  118    4.36366E-04    8.03360E-04
  119    4.19787E-04    7.73277E-04
  120    4.04386E-04    7.43799E-04
  121    3.89093E-04    7.16090E-04
  122    3.74706E-04    6.89248E-04
  123    3.60691E-04    6.62995E-04
  124    3.47136E-04    6.38133E-04
  125    3.34306E-04    6.14573E-04
  126    3.21843E-04    5.90786E-04
  127    3.09571E-04    5.69272E-04
  128    2.98375E-04    5.47886E-04
  129    2.87189E-04    5.26800E-04
  130    2.76545E-04    5.07619E-04
  131    2.66087E-04    4.88377E-04
  132    2.56258E-04    4.70056E-04
  133    2.46703E-04    4.52560E-04
  134    2.37509E-04    4.35801E-04
  135    2.28677E-04    4.19595E-04
  136    2.20205E-04    4.03767E-04
  137    2.12004E-04    3.88224E-04
  138    2.04251E-04    3.74119E-04
  139    1.96415E-04    3.60121E-04
  140    1.89292E-04    3.46669E-04
  141    1.82261E-04    3.33942E-04
  142    1.75411E-04    3.21315E-04
  143    1.69007E-04    3.09678E-04
  144    1.62606E-04    2.97696E-04
  145    1.56562E-04    2.86966E-04
  146    1.50875E-04    2.76067E-04
  147    1.45190E-04    2.65976E-04
  148    1.39951E-04    2.55714E-04
  149    1.34537E-04    2.46524E-04
  150    1.29567E-04    2.37164E-04
  151    1.24952E-04    2.28517E-04
  152    1.20162E-04    2.19878E-04
  153    1.15728E-04    2.11509E-04
  154    1.11472E-04    2.04296E-04
  155    1.07306E-04    1.96468E-04
  156    1.03406E-04    1.88999E-04
  157    9.95068E-05    1.81710E-04
  158    9.58746E-05    1.75133E-04
  159    9.21548E-05    1.68824E-04
  160    8.88778E-05    1.62695E-04
  161    8.56014E-05    1.56305E-04
  162    8.23262E-05    1.50536E-04
  163    7.94933E-05    1.45211E-04
  164    7.63960E-05    1.39977E-04
  165    7.35644E-05    1.34568E-04
  166    7.08216E-05    1.29427E-04
  167    6.82562E-05    1.24641E-04
  168    6.56911E-05    1.20210E-04
  169    6.33032E-05    1.15780E-04
  170    6.10039E-05    1.11440E-04
  171    5.85286E-05    1.07455E-04
  172    5.64950E-05    1.03294E-04
  173    5.44617E-05    9.91351E-05
  174    5.24288E-05    9.59477E-05
  175    5.03961E-05    9.19672E-05
  176    4.87168E-05    8.87822E-05
  177    4.67731E-05    8.53328E-05
  178    4.50942E-05    8.29433E-05
  179    4.34157E-05    7.90546E-05
  180    4.18255E-05    7.64903E-05
  181    4.02356E-05    7.35734E-05
  182    3.89106E-05    7.11866E-05
  183    3.74092E-05    6.80062E-05
  184    3.59081E-05    6.58851E-05
  185    3.45835E-05    6.34114E-05
  186    3.33472E-05    6.09382E-05
  187    3.21111E-05    5.84657E-05
  188    3.08751E-05    5.66988E-05
  189    2.98156E-05    5.41386E-05
  190    2.86681E-05    5.23725E-05
  191    2.76088E-05    5.04302E-05
  192    2.67260E-05    4.88408E-05
  193    2.57551E-05    4.69873E-05
  194    2.46961E-05    4.52216E-05
  195    2.38135E-05    4.34572E-05
  196    2.29310E-05    4.21331E-05
  197    2.20485E-05    4.04569E-05
  198    2.12544E-05    3.87807E-05
  199    2.04602E-05    3.76334E-05
  200    1.96661E-05    3.61339E-05
  201    1.91366E-05    3.46344E-05
  202    1.83426E-05    3.33112E-05
  203    1.76368E-05    3.25172E-05
  204    1.69310E-05    3.08417E-05
  205    1.64017E-05    3.01360E-05
  206    1.58723E-05    2.86371E-05
  207    1.50785E-05    2.77552E-05
  208    1.46374E-05    2.66974E-05
  209    1.41081E-05    2.58156E-05
  210    1.35789E-05    2.44933E-05
  211    1.30497E-05    2.37880E-05
  212    1.26087E-05    2.27302E-05
  213    1.21676E-05    2.23772E-05
  214    1.17267E-05    2.11435E-05
  215    1.11975E-05    2.05263E-05
  216    1.07565E-05    1.99093E-05
  217    1.04919E-05    1.88518E-05
  218    9.96283E-06    1.86753E-05
  219    9.69823E-06    1.78820E-05
  220    9.34548E-06    1.69128E-05
  221    9.08091E-06    1.65602E-05
  222    8.72817E-06    1.57672E-05
  223    8.37545E-06    1.54146E-05
  224    8.02274E-06    1.49740E-05
  225    7.84635E-06    1.40930E-05
  226    7.40549E-06    1.38285E-05
  227    7.22912E-06    1.30357E-05
  228    7.05275E-06    1.29474E-05
  229    6.61191E-06    1.24188E-05
  230    6.52371E-06    1.16061E-05
  231    6.17104E-06    1.14497E-05
  232    5.99469E-06    1.09211E-05
  233    5.73019E-06    1.06568E-05
  234    5.55384E-06    1.01283E-05
  235    5.37750E-06    1.01281E-05
  236    5.20116E-06    9.70290E-06

 MULTIPLICATION EFFECTIVE (K-EFF) =  0.915401


     Radial Flux Distribution
   ==============================
    Group =   1
              1          2          3          4          5          6          7          8          9         10
     1    1.567E-03  6.282E-03  2.211E-02  7.545E-02  1.485E-01  1.485E-01  7.545E-02  2.211E-02  6.282E-03  1.567E-03
     2    6.282E-03  4.420E-02  1.794E-01  5.803E-01  1.356E+00  1.356E+00  5.803E-01  1.794E-01  4.420E-02  6.282E-03
     3    2.211E-02  1.794E-01  1.240E+00  5.234E+00  1.181E+01  1.181E+01  5.234E+00  1.240E+00  1.794E-01  2.211E-02
     4    7.545E-02  5.803E-01  5.234E+00  3.765E+01  1.142E+02  1.142E+02  3.765E+01  5.234E+00  5.803E-01  7.545E-02
     5    1.485E-01  1.356E+00  1.181E+01  1.142E+02  4.618E+02  4.618E+02  1.142E+02  1.181E+01  1.356E+00  1.485E-01
     6    1.485E-01  1.356E+00  1.181E+01  1.142E+02  4.618E+02  4.618E+02  1.142E+02  1.181E+01  1.356E+00  1.485E-01
     7    7.545E-02  5.803E-01  5.234E+00  3.765E+01  1.142E+02  1.142E+02  3.765E+01  5.234E+00  5.803E-01  7.545E-02
     8    2.211E-02  1.794E-01  1.240E+00  5.234E+00  1.181E+01  1.181E+01  5.234E+00  1.240E+00  1.794E-01  2.211E-02
     9    6.282E-03  4.420E-02  1.794E-01  5.803E-01  1.356E+00  1.356E+00  5.803E-01  1.794E-01  4.420E-02  6.282E-03
    10    1.567E-03  6.282E-03  2.211E-02  7.545E-02  1.485E-01  1.485E-01  7.545E-02  2.211E-02  6.282E-03  1.567E-03
    Group =   2
              1          2          3          4          5          6          7          8          9         10
     1    1.458E-03  5.928E-03  2.055E-02  7.076E-02  1.378E-01  1.378E-01  7.076E-02  2.055E-02  5.928E-03  1.458E-03
     2    5.928E-03  4.245E-02  1.706E-01  5.485E-01  1.305E+00  1.305E+00  5.485E-01  1.706E-01  4.245E-02  5.928E-03
     3    2.055E-02  1.706E-01  1.174E+00  4.981E+00  1.143E+01  1.143E+01  4.981E+00  1.174E+00  1.706E-01  2.055E-02
     4    7.076E-02  5.485E-01  4.981E+00  3.750E+01  1.181E+02  1.181E+02  3.750E+01  4.981E+00  5.485E-01  7.076E-02
     5    1.378E-01  1.305E+00  1.143E+01  1.181E+02  4.985E+02  4.985E+02  1.181E+02  1.143E+01  1.305E+00  1.378E-01
     6    1.378E-01  1.305E+00  1.143E+01  1.181E+02  4.985E+02  4.985E+02  1.181E+02  1.143E+01  1.305E+00  1.378E-01
     7    7.076E-02  5.485E-01  4.981E+00  3.750E+01  1.181E+02  1.181E+02  3.750E+01  4.981E+00  5.485E-01  7.076E-02
     8    2.055E-02  1.706E-01  1.174E+00  4.981E+00  1.143E+01  1.143E+01  4.981E+00  1.174E+00  1.706E-01  2.055E-02
     9    5.928E-03  4.245E-02  1.706E-01  5.485E-01  1.305E+00  1.305E+00  5.485E-01  1.706E-01  4.245E-02  5.928E-03
    10    1.458E-03  5.928E-03  2.055E-02  7.076E-02  1.378E-01  1.378E-01  7.076E-02  2.055E-02  5.928E-03  1.458E-03
    Group =   3
              1          2          3          4          5          6          7          8          9         10
     1    1.746E-03  7.122E-03  2.445E-02  8.484E-02  1.643E-01  1.643E-01  8.484E-02  2.445E-02  7.122E-03  1.746E-03
     2    7.122E-03  5.118E-02  2.062E-01  6.718E-01  1.581E+00  1.581E+00  6.718E-01  2.062E-01  5.118E-02  7.122E-03
     3    2.445E-02  2.062E-01  1.443E+00  6.187E+00  1.396E+01  1.396E+01  6.187E+00  1.443E+00  2.062E-01  2.445E-02
     4    8.484E-02  6.718E-01  6.187E+00  4.405E+01  1.287E+02  1.287E+02  4.405E+01  6.187E+00  6.718E-01  8.484E-02
     5    1.643E-01  1.581E+00  1.396E+01  1.287E+02  4.211E+02  4.211E+02  1.287E+02  1.396E+01  1.581E+00  1.643E-01
     6    1.643E-01  1.581E+00  1.396E+01  1.287E+02  4.211E+02  4.211E+02  1.287E+02  1.396E+01  1.581E+00  1.643E-01
     7    8.484E-02  6.718E-01  6.187E+00  4.405E+01  1.287E+02  1.287E+02  4.405E+01  6.187E+00  6.718E-01  8.484E-02
     8    2.445E-02  2.062E-01  1.443E+00  6.187E+00  1.396E+01  1.396E+01  6.187E+00  1.443E+00  2.062E-01  2.445E-02
     9    7.122E-03  5.118E-02  2.062E-01  6.718E-01  1.581E+00  1.581E+00  6.718E-01  2.062E-01  5.118E-02  7.122E-03
    10    1.746E-03  7.122E-03  2.445E-02  8.484E-02  1.643E-01  1.643E-01  8.484E-02  2.445E-02  7.122E-03  1.746E-03
    Group =   4
              1          2          3          4          5          6          7          8          9         10
     1    1.958E-02  8.460E-02  3.043E-01  1.012E+00  1.870E+00  1.870E+00  1.012E+00  3.043E-01  8.460E-02  1.958E-02
     2    8.460E-02  6.094E-01  2.703E+00  8.824E+00  1.769E+01  1.769E+01  8.824E+00  2.703E+00  6.094E-01  8.460E-02
     3    3.043E-01  2.703E+00  1.832E+01  7.112E+01  1.393E+02  1.393E+02  7.112E+01  1.832E+01  2.703E+00  3.043E-01
     4    1.012E+00  8.824E+00  7.112E+01  3.376E+02  6.695E+02  6.695E+02  3.376E+02  7.112E+01  8.824E+00  1.012E+00
     5    1.870E+00  1.769E+01  1.393E+02  6.695E+02  4.425E+02  4.425E+02  6.695E+02  1.393E+02  1.769E+01  1.870E+00
     6    1.870E+00  1.769E+01  1.393E+02  6.695E+02  4.425E+02  4.425E+02  6.695E+02  1.393E+02  1.769E+01  1.870E+00
     7    1.012E+00  8.824E+00  7.112E+01  3.376E+02  6.695E+02  6.695E+02  3.376E+02  7.112E+01  8.824E+00  1.012E+00
     8    3.043E-01  2.703E+00  1.832E+01  7.112E+01  1.393E+02  1.393E+02  7.112E+01  1.832E+01  2.703E+00  3.043E-01
     9    8.460E-02  6.094E-01  2.703E+00  8.824E+00  1.769E+01  1.769E+01  8.824E+00  2.703E+00  6.094E-01  8.460E-02
    10    1.958E-02  8.460E-02  3.043E-01  1.012E+00  1.870E+00  1.870E+00  1.012E+00  3.043E-01  8.460E-02  1.958E-02


 Total time :   0.327601016      seconds
